0.00 0.00 0.00 0.00 0.00 0.00 0.00 0.00 0.00 0.00
0.00 0.00 0.00 0.00 0.00 0.00 0.00 0.00 0.00 0.00
0.00 0.00 0.00 0.00 0.00 0.00 0.00 10.30 7.02 7.22
0.00 0.00 0.00 0.00 0.00 0.00 9.71 9.21 5.81 5.49
0.00 0.00 0.00 0.00 0.00 0.00 8.99 8.64 5.49 5.81
0.00 0.00 0.00 0.00 9.51 8.94 8.61 8.49 8.64 9.21
0.00 0.00 0.00 9.71 8.99 8.61 8.49 8.61 8.99 0.00
0.00 0.00 10.30 9.21 8.64 8.49 8.61 8.94 9.51 0.00
0.00 0.00 10.02 8.81 8.49 8.64 8.99 9.51 10.20 0.00
0.00 0.00 10.22 8.49 8.81 9.21 0.00 0.00 0.00 0.00
