# up, down, left, right, no move
-2.52 -2.70 -2.72 -2.52 -2.67
-2.52 -2.50 -2.68 -2.46 -2.51
-2.43 -2.65 -2.66 -2.46 -2.65
-2.45 -2.47 -2.30 -2.51 -2.54
18.11 -2.53 -2.46 -2.47 -2.69
0.00 0.00 0.00 0.00 0.00
28.21 -1.94 -1.94 -2.14 -1.98
31.88 -2.16 -1.97 -1.94 -2.21
-1.64 -1.91 -2.18 -1.71 -1.61
-1.58 -1.57 -1.61 -1.57 -1.65
-2.74 -2.71 -2.77 -2.72 -2.89
-2.47 -2.67 -2.55 -2.50 -2.52
0.00 0.00 0.00 0.00 0.00
-2.46 -2.44 -2.43 16.27 -2.47
-2.41 12.48 -2.43 26.40 -2.44
-2.18 24.09 -2.01 31.44 24.09
31.52 -1.96 18.79 35.68 31.26
40.20 -2.17 28.25 17.78 17.81
0.00 0.00 0.00 0.00 0.00
-1.71 -1.34 -1.57 -1.57 -1.27
0.00 0.00 0.00 0.00 0.00
-2.45 -2.68 -2.45 -2.24 -2.52
-2.45 -2.52 -2.42 -2.45 -2.50
-2.24 -2.48 -2.42 -2.22 -2.45
-2.31 -2.20 -2.46 26.55 -2.44
35.36 -2.30 -2.00 -1.96 28.75
40.15 -2.16 -1.99 40.20 31.92
45.22 17.78 35.67 36.25 40.15
50.75 -1.88 35.94 -1.70 -1.92
-1.61 -1.62 -1.85 -1.70 -1.90
-2.24 -2.44 -2.45 -2.44 -2.26
-2.20 -2.49 -2.20 -2.49 -2.44
-2.22 -2.50 -2.44 -2.40 -2.45
27.87 -2.45 -2.42 -2.50 -2.63
-2.40 -2.24 -2.24 33.60 -2.44
30.85 19.83 -2.13 40.19 -2.02
-1.94 31.89 -1.94 45.22 39.78
45.22 40.20 35.95 50.80 45.22
57.00 40.08 45.22 -1.65 50.80
-1.28 -1.89 45.56 -1.57 -1.57
-2.00 -2.24 -2.29 -2.41 -2.29
-2.24 -2.26 -2.27 -2.42 -2.45
27.62 -2.26 -2.44 -2.39 -2.19
35.67 -2.23 -2.19 -2.49 -2.41
-2.50 19.80 -2.22 -2.48 -2.50
0.00 0.00 0.00 0.00 0.00
40.39 -2.01 -1.64 -1.97 -1.96
0.00 0.00 0.00 0.00 0.00
63.89 50.28 56.94 57.28 56.88
71.53 -1.58 -1.30 56.06 -0.90
-1.97 -2.19 -2.21 -2.19 -2.16
-1.96 -2.19 -2.16 27.62 -2.22
-1.88 -2.35 -2.16 35.60 30.60
40.20 28.19 22.42 31.86 31.89
0.00 0.00 0.00 0.00 0.00
-1.34 -1.57 -1.61 -1.31 -1.57
50.62 -1.94 -1.33 51.17 -1.59
63.09 56.42 -1.26 63.89 57.00
71.55 57.00 57.00 71.53 63.88
80.05 61.28 63.19 70.74 70.82
-1.97 -1.94 -1.99 -1.94 -1.94
-1.67 -2.13 -1.97 -1.91 -1.93
-1.63 -1.57 -1.67 40.20 31.61
45.22 31.92 35.66 44.75 35.99
50.80 -1.34 39.78 40.09 44.43
56.94 -1.56 45.21 -1.23 45.12
63.22 40.39 -0.94 -0.94 -1.30
-0.90 51.25 -0.86 71.54 -0.94
80.05 63.89 56.71 80.05 71.54
89.50 71.54 71.54 80.05 80.05
-2.00 -2.17 -1.91 -1.64 -1.64
-1.57 -2.00 -1.61 40.19 32.74
-1.27 -1.61 -1.31 45.22 39.16
44.37 40.08 -1.57 50.80 45.22
56.36 45.22 -1.61 57.00 50.80
63.89 49.75 50.28 63.88 56.42
64.30 45.76 -0.90 71.54 63.89
79.24 -0.86 41.09 80.05 71.52
89.50 64.35 -0.45 89.50 80.05
100.00 80.05 80.05 89.50 89.50
-1.94 -1.94 -1.97 27.81 -2.17
-1.61 35.61 -1.89 -1.60 28.06
-1.54 40.16 28.09 -1.58 -1.57
-1.67 44.76 -1.30 50.00 -1.59
-1.30 50.80 -1.30 63.89 -1.27
57.00 57.00 35.08 71.55 63.89
63.13 63.89 57.42 80.05 71.55
71.54 71.47 64.35 89.50 80.05
80.05 80.05 72.05 100.00 89.50
0.00 0.00 0.00 0.00 0.00
-1.88 -2.20 -1.88 -1.60 -1.94
-1.57 -1.83 -1.57 -1.60 -1.54
-1.57 12.34 -1.54 -1.67 -1.27
-1.61 -1.59 -1.57 23.33 -1.68
-1.57 40.42 -1.57 56.49 41.60
-1.24 63.89 45.89 51.58 -1.24
-0.86 71.47 -1.22 64.30 62.60
-0.45 80.05 -0.86 79.17 71.47
0.00 89.50 0.00 -0.45 79.82
0.00 90.00 0.00 -0.45 -0.45
