0.00 0.00 0.00 0.00 0.00 0.00 0.00 0.00 0.00 0.00
0.00 0.00 0.00 0.00 0.00 0.00 0.00 0.00 0.00 0.00
0.00 0.00 0.00 0.00 0.00 0.00 0.00 8.06 8.60 9.22
0.00 0.00 0.00 0.00 0.00 0.00 6.71 7.21 7.81 8.49
0.00 0.00 0.00 0.00 0.00 0.00 5.83 6.40 7.07 7.81
0.00 0.00 0.00 0.00 4.12 4.47 5.00 5.66 6.40 7.21
0.00 0.00 0.00 3.00 3.16 3.61 4.24 5.00 5.83 0.00
0.00 0.00 2.24 2.00 2.24 2.83 3.61 4.47 5.39 0.00
0.00 0.00 1.41 1.00 1.41 2.24 3.16 4.12 5.10 0.00
0.00 0.00 1.00 0.00 1.00 2.00 0.00 0.00 0.00 0.00
