0.00 0.00 0.00 0.00 0.00 0.00 0.00 0.00 0.00 0.00
0.00 0.00 0.00 0.00 0.00 0.00 0.00 0.00 0.00 0.00
0.00 0.00 0.00 0.00 0.00 0.00 0.00 2.24 1.41 1.00
0.00 0.00 0.00 0.00 0.00 0.00 3.00 2.00 1.00 0.00
0.00 0.00 0.00 0.00 0.00 0.00 3.16 2.24 1.41 1.00
0.00 0.00 0.00 0.00 5.39 4.47 3.61 2.83 2.24 2.00
0.00 0.00 0.00 6.71 5.83 5.00 4.24 3.61 3.16 0.00
0.00 0.00 8.06 7.21 6.40 5.66 5.00 4.47 4.12 0.00
0.00 0.00 8.60 7.81 7.07 6.40 5.83 5.39 5.10 0.00
0.00 0.00 9.22 8.49 7.81 7.21 0.00 0.00 0.00 0.00
